Generated points:
Time elapsed: 4.400419ms
(49.1644972339829, -3.3220601287490497, 998.7851701583432)
(-61.44773522724955, 47.36081492161896, 996.986022492493)
(6.107686594994015, -94.8292402194145, 995.4748170415291)
(69.02486721010838, 97.66435807600499, 992.8228647992695)
(-129.29058102953513, -26.488762862375346, 991.2528895791761)
(127.00965534272099, -82.69304347356787, 988.4484852589951)
(-39.62980046791212, 153.1187847200167, 987.4128400424711)
(-83.04345608520535, -158.3186887750277, 983.8897179999293)
(167.453060014209, 67.34964559382914, 983.5768896889879)
(-177.19460660882154, 70.04168532739479, 981.6803113566266)
(85.56937799055558, -184.1228703552919, 979.1714100005362)
(66.58692825427298, 197.81841706471218, 977.9744653392909)
(-186.80663190163875, -112.90142946998304, 975.887570113074)
(222.27660167570434, -48.37358247399814, 973.7828858971243)
(-140.75691803380718, 199.0246197087178, 969.8333314417607)
(-33.82509687264297, -240.07158052569287, 970.1657070034234)
(194.99091020358733, 160.49521382517952, 967.5845344346852)
(-264.33716683268784, 9.411965757139466, 964.3844031979437)
(194.17576944717928, -186.82985518114504, 963.011098468023)
(-11.688994323457653, 281.8687330445363, 959.3817721551594)
(-180.97686869698484, -222.19773662387524, 958.0582126550877)
(287.486437768493, 39.47412592766591, 956.9709198724009)
(-245.71141573014066, 169.3499783775246, 954.4351654268728)
(63.65260356005421, -294.9373019909007, 953.3941126073493)
(156.8085803475577, 271.70752712619907, 949.518872288671)
(-296.6509423888047, -98.75423373293815, 949.8662114738339)
(293.06352127026116, -133.36479246132757, 946.7457972615575)
(-125.78015154042279, 304.3771224766302, 944.2107396081209)
(-108.54217670369829, -310.3186526849845, 944.415655139303)
(302.11784438673374, 158.19643464435043, 940.0524964963015)
(-335.49523227241707, 89.965755944263, 937.736163256944)
(186.293757523481, -292.4032717526181, 937.9738602840417)
(62.50794346953281, 348.8544316344763, 935.0900184111667)
(-280.7186442172965, -221.21102055091563, 933.9500667464108)
(367.12901963490975, -29.24456513799541, 929.7101905173458)
(-250.76437107095938, 270.1651479140328, 929.5848659772678)
(5.234888131437935, -377.7539385920328, 925.8912235378722)
(254.55282918406746, 280.75952895897524, 925.4063669832414)
(-380.1997161932564, -36.111706516065276, 924.199177915164)
(312.23096524959726, -232.9698365441755, 920.9977630808258)
(-67.50329013755855, 388.3634131685916, 919.0305572355288)
(-209.66560827758667, -337.5273000052944, 917.6685972924679)
(385.4989593714541, 107.15263798288014, 916.465419149482)
(-359.6320155180385, 182.2033244745288, 915.1321008274504)
(144.35498600987947, -387.8998802823236, 910.3270406238884)
(161.9132889086697, 383.7845049217712, 909.1169015350714)
(-381.5597298401588, -184.97394756615256, 905.6471781472624)
(410.4307277461274, -126.11763144828522, 903.1284298258244)
(-221.21748552173278, 368.31957353279876, 902.9969633681274)
(-86.98684331855138, -420.85339308089755, 902.9483432742813)
(354.1029956125026, 251.69031916551236, 900.7014220798225)
(-433.72879863477147, 55.71271170128388, 899.3194221130374)
(285.4850866293473, -339.01553264745723, 896.418838454433)
(19.944807886606437, 449.39700309672907, 893.1094771896918)
(-316.93212594211417, -326.2146375406514, 890.5829763699917)
(461.6092424634476, 18.62656205430596, 886.8877936122242)
(-355.64899267465165, 291.02646316477063, 888.1539234543244)
(64.01629756758767, -462.2299452604494, 884.4463756216428)
(270.3089899931719, 391.15155737627117, 879.7349084190015)
(-460.90401980320314, -109.78869706334336, 880.6326853611454)
(416.2133892139281, -231.85036602619167, 879.2109089476631)
(-151.60426218885593, 454.84367846949914, 877.572433387984)
(-196.85020355887673, -444.3904713979112, 873.9377016066825)
(443.6231966716581, 194.51323911782723, 874.8503067283626)
(-458.8187162109894, 166.56130832529496, 872.7787326828405)
(230.50772764422513, -439.1497512233064, 868.3396129952864)
(121.36204392220627, 482.964334046931, 867.1889680649938)
(-419.05404192003164, -271.99062192356905, 866.2648622310122)
(499.50699797109877, -82.70493186932731, 862.3529748440545)
(-318.2182358830036, 400.3817275996182, 859.320444628111)
(-39.17215069737803, -510.12222477034464, 859.2094380330653)
(374.3263442936799, 355.18907829529866, 856.5748692481385)
(-519.843892717323, -0.39322822741319596, 854.2611852215113)
(384.849427004558, -345.2240149374279, 855.9855711662119)
(-52.64300027670637, 522.9944574102558, 850.7088291771861)
(-317.678115775499, -422.6247361280205, 848.8044222140041)
(522.9394507878285, 93.48187891338932, 847.2281092625213)
(-449.16676611831105, 287.1984460850091, 846.0297091598939)
(149.2842086824415, -517.432558337921, 842.6017876849844)
(245.57293565622967, 486.62996384647704, 838.3824971693754)
(-505.1943456246095, -194.6875608466717, 840.7588398586696)
(508.31713663001244, -206.27979987802468, 836.0994754038226)
(-238.9732935979042, 494.1480393450074, 835.8884376269688)
(-157.61667572558395, -531.255376791233, 832.4209921449731)
(475.24977057374946, 279.8114856644438, 834.1721573271643)
(-547.9644576189414, 116.8610145922769, 828.298530998844)
(327.5505368462331, -460.58248736773726, 824.9693437588408)
(67.23397814618808, 558.7341833500524, 826.6170241041422)
(-429.2640780034186, -367.1347088189445, 825.1935875394961)
(571.2550371493899, -13.427922249311296, 820.6627647429335)
(-412.3909708185923, 400.0840273179874, 818.4536995287632)
(31.978268932533616, -570.8634669667034, 820.4220209129167)
(364.2942507241945, 443.77826872939903, 818.7493799037865)
(-577.2947950321852, -85.05000783833226, 812.094339221403)
(484.02579897862756, -330.57050509039414, 810.2111867207109)
(-139.16413942488424, 568.8802105465874, 810.5606999766286)
(-285.30792736795956, -510.5740606906035, 811.1186812858565)
(563.9643578253092, 189.76077761119853, 803.7008463247255)
(-544.4243966779759, 245.26292166580282, 802.152214706022)
(236.42825421692152, -552.5549190686431, 799.240102860826)
(193.76150948609092, 567.9587946140025, 799.9245496059493)
(-533.2025116528063, -286.31187181197697, 796.0656968031351)
(589.5163866784876, -151.20119037091598, 793.4788150089188)
(-337.7511806159123, 507.71065328156516, 792.5616900512942)
(-93.24620056524579, -601.5827997341695, 793.349406720736)
(480.66176482395394, 380.2953634836403, 790.1516970488437)
(-618.7214683393082, 49.27077698597881, 784.0638591028467)
(426.22593234695853, -449.30572756442047, 785.1470039252347)
(-5.14893800547563, 627.2115750017197, 778.8319001050728)
(-415.763211530099, -461.3595859739089, 783.7654523951419)
(623.9429757125517, 58.87185176559258, 779.2491694757563)
(-505.33883221624376, 371.72466859673125, 778.75120251013)
(116.8132937351747, -620.9471860492372, 775.0995075113088)
(328.61667913600843, 540.6813395624621, 774.3867039422638)
(-614.0798628477655, -175.96439392573822, 769.3779657068542)
(570.1139636663976, -289.1812709619775, 768.9891162802012)
(-229.82809150849263, 597.3254785176497, 768.362753565804)
(-238.6799546608899, -598.1442879263059, 765.0197971714249)
(582.0792987184664, 281.74929259577493, 762.758825661951)
(-622.7836138658213, 184.76262540864542, 760.2653106332895)
(331.4134647086181, -560.0822899408124, 759.2581536634858)
(135.08563028516926, 637.1764129985667, 758.787250294006)
(-527.2929787624835, -381.02933092666433, 759.4595206601637)
(654.7487963446669, -79.0586086466109, 751.7005720924203)
(-432.7075952974835, 497.1205620591873, 752.0872846617118)
(-17.039379267130236, -662.8714201724782, 748.5393375586299)
(462.48434850616536, 482.87798408335027, 743.5973909814555)
(-665.8997682539635, -44.21485598079867, 744.7298470921619)
(518.3984696618585, -427.16597987801225, 740.8051378649456)
(-101.87004620067677, 663.5040348011606, 741.2050252728)
(-373.6745689450238, -557.6609725699237, 741.2027767056175)
(660.6384335109376, 155.4420008666664, 734.4349151114629)
(-594.3776400778354, 331.86953452446863, 732.5147322955461)
(218.66220442115758, -644.2096696332125, 732.926150378568)
(276.22969425569624, 625.7599942548253, 729.4666446120791)
(-625.2029322177187, -272.5151446682017, 731.3390386632153)
(649.8234641136319, -223.738769407705, 726.4092706947546)
(-330.4848768146634, 604.0656187605526, 725.1789258026101)
(-163.06573674264735, -671.8905015941721, 722.4767950378127)
(574.3960677099954, 389.29082780725065, 720.0845844652141)
(-683.9308581746863, 110.74143257007128, 721.092862500223)
(439.99104228829833, -542.735279928053, 715.4343426391235)
(47.414427924425034, 698.7379340738852, 713.8047152483363)
(-504.2145102890544, -485.253074472782, 714.3508811002348)
(702.9400841714842, 11.688915958697443, 711.1530125849832)
(-533.8451970135603, 463.822084094535, 707.0207775813628)
(77.3108054203118, -702.9660570130727, 707.00902543939)
(422.21746431624763, 570.2903626487819, 704.6284943828763)
(-698.2466236186932, -136.8941994260614, 702.646163277501)
(609.1885509188969, -369.7596136581864, 701.5462476107211)
(-202.0080705314902, 687.2901500712945, 697.7284493663147)
(-315.4194120767267, -640.8257430371476, 699.894964652597)
(671.9633207969358, 264.3519270348728, 691.797191506661)
(-670.5370741248285, 266.3042823324801, 692.43199047668)
(322.907894422598, -650.9603327931239, 687.0088331669613)
(201.1950637451811, 692.8030490025031, 692.4915029207275)
(-624.1514951946601, -371.75330195796744, 687.1931268061535)
(717.15495376139, -144.77229611948925, 681.7109024885767)
(-427.6141031274628, 588.7196566691937, 685.9703671863692)
(-77.31830125151917, -731.7465828001733, 677.1770956344052)
(549.8809338414495, 485.5174099701699, 679.635051489778)
(-731.8533170749412, 17.483177920383127, 681.237888535429)
(533.3033350386496, -508.44985738631823, 676.0667832104212)
(-50.439709600461796, 739.2110653355601, 671.5823379012338)
(-464.4349147999776, -580.624690648492, 668.7115809705112)
(732.9520652309765, 112.24170211007406, 670.9568319803293)
(-620.806729849174, 410.37625427934586, 667.974800495968)
(181.60655196615846, -725.364230545188, 663.9772536228562)
(360.2563318736112, 657.1964122774491, 662.0485261932239)
(-710.9851215908398, -237.7109002895606, 661.810913146637)
(688.7584845896797, -305.1099740018828, 657.6622641373749)
(-302.7610310317516, 688.9439225442372, 658.5529816787339)
(-245.61352766755357, -715.4572917244269, 654.0602867817677)
(667.62111836492, 365.4903977421944, 648.6129905200991)
(-739.775880509333, 178.68788297532905, 648.6927524602354)
(426.4068950164476, -632.6699679168281, 646.4563957287079)
(117.77941607216711, 751.8126891432241, 648.7724482381578)
(-598.0194025190431, -479.47602983668213, 642.242579577857)
(763.0698421792373, -50.15173681331014, 644.3673015068053)
(-531.1535447030285, 554.9706728182737, 640.2214181523767)
(14.938228068422667, -768.2275599544765, 640.0025511422333)
(507.79194692950193, 577.3159044280867, 639.4166756723866)
(-768.1965678165811, -84.26432136169942, 634.6444337897224)
(625.2283327334935, -455.3441966177894, 633.8384609297512)
(-152.62834987900467, 761.4417611547927, 630.0087548460734)
(-401.0898279241112, -664.6464592353634, 630.3745189660679)
(746.7500356779018, 223.30133909957937, 626.4989195293053)
(-701.1529742071177, 345.31504838231467, 623.8124911551807)
(289.937966281367, -727.323051984442, 622.0427266359295)
(284.1468816165314, 728.7436864683257, 623.0515140019768)
(-699.9345244164809, -350.92230438568134, 622.0491924394065)
(757.6944483452548, -218.12093655110556, 615.0791656241078)
(-409.9673678531871, 674.0127745013508, 614.5189477180674)
(-155.74868853276772, -776.5838369217427, 610.4587539320138)
(637.0987630067908, 471.9382494135371, 609.4091030791244)
(-792.1583494869967, 86.44094477742844, 604.1631504850511)
(527.1317756965162, -593.6907829637039, 607.9994615745823)
(17.221497627179904, 795.4806826059719, 605.7341856129752)
(-550.5680510930174, -579.0026485471102, 601.3574262375647)
(798.619782022326, 58.091130982182094, 599.0257626044338)
(-625.4248489531501, 501.6196725506119, 597.6800669439682)
(123.90322730690805, -791.3465466939808, 598.6807440518227)
(440.91473120414014, 673.1110034288405, 593.7303907247804)
(-779.2070896873387, -195.14333258881737, 595.6134578122945)
(709.4797498266803, -383.9401775548588, 590.9555183302839)
(-261.33379985330527, 763.3702381949015, 590.7372719682515)
(-320.0457209851282, -743.4344802283318, 587.261364374279)
(738.2048065820321, 333.24214454612036, 586.5179763975588)
(-771.4212644967291, 258.8563040942963, 581.2939415759539)
(396.60609050423153, -710.455141661486, 581.3407784266533)
(191.11385614674828, 793.4333479952116, 577.8745679451807)
(-676.7354468220874, -455.60508799175784, 578.3192360716806)
(809.3793940782825, -119.17464128281146, 575.0673015539879)
(-516.0587730809144, 636.9303265786043, 572.715550522852)
(-43.63050261015528, -819.4357500492365, 571.5080321248603)
(590.7921477058434, 570.8964864383541, 570.1244074598621)
(-822.2551022270653, -24.42861038404964, 568.5945742409635)
(624.4457054715932, -540.917154266218, 563.4502579098007)
(-96.17447266386013, 818.6513558549367, 566.180561627386)
(-483.15716904708376, -672.2391156314353, 560.9400337054519)
(814.2428964544528, 170.38848065069254, 554.9560984753766)
(-713.8635455896269, 419.8717470484039, 560.4520981392859)
(240.50673910409293, -796.6992877505558, 554.460777100845)
(358.7484695978403, 749.3460090044335, 556.5789201455036)
(-777.8038660683515, -305.84497215847387, 549.0719433139051)
(779.4780922231072, -299.5032203820745, 550.1924433550427)
(-374.61785898657155, 747.8485369299282, 548.0730111400151)
(-232.06730541944628, -804.4619615005367, 546.795865249607)
(716.1761975325736, 440.1164139584024, 541.6541297287229)
(-825.5149423665029, 158.9495874716065, 541.5349560021365)
(506.42979258427965, -674.6602030720277, 536.9939250809583)
(84.70386403210028, 841.5272578078801, 533.5326885809163)
(-631.900008227649, -561.2050895931717, 534.5570381321503)
(845.8386729221095, -10.715783394729488, 533.3311460768085)
(-618.8769048323459, 580.2010086791436, 529.4885892942733)
(68.72697389278031, -847.7895165242672, 525.8607598320016)
(528.9352862574862, 667.4113944351942, 524.203675616435)
(-839.8303634596315, -136.13806490306723, 525.5010826779633)
(711.9806447998378, -467.624532390147, 523.842398186042)
(-208.61550696941728, 826.7158901926284, 522.5135473410267)
(-402.18019724466905, -756.2003765672582, 516.151217594007)
(806.744184520545, 286.06794004133735, 517.0386391970982)
(-788.6086747154, 331.5120739121328, 517.8765325964262)
(352.5803156327662, -783.6981772202844, 511.3748997065682)
(263.3174232623977, 820.1197923380878, 508.0034063092327)
(-750.8599686013059, -417.8659842757199, 511.46586077403987)
(840.0669896829456, -196.02625711598694, 505.8272030705059)
(-487.9732487812759, 713.1396140169804, 503.30308899663936)
(-120.75479469735468, -855.5413185055518, 503.4553921524545)
(670.3208903924321, 549.1799694340312, 499.0704009214866)
(-865.884348055951, 41.542616447769596, 498.5163054609089)
(606.77420555365, -617.7485908203132, 500.2116971985507)
(-29.0281539132166, 869.92057421985, 492.3368367585315)
(-565.0856744881037, -660.2554710368621, 494.7129404555903)
(863.9219338691529, 102.12197466714915, 493.1632533653183)
(-712.545729913806, 502.5050320083656, 489.66036758948866)
(181.59861399971115, -856.0097532701021, 484.0136833807934)
(447.76541202584826, 752.0888658910075, 483.59949710075244)
(-837.0477165656663, -255.15634328660758, 483.9900419149246)
(790.2890591101143, -377.9306018319179, 482.29831354651714)
(-331.2445721762298, 811.9679239766729, 480.6091175131809)
(-311.57238929270636, -821.8757928799303, 476.9096636769064)
(784.4163799861117, 398.2021490696048, 475.52706682778046)
(-851.2667243268193, 234.56405912642205, 469.3875437418673)
(464.0002426432831, -748.2160183931926, 474.2115188887886)
(162.671472920575, 868.3758026973321, 468.46713565373466)
(-705.0453653549821, -535.5294102298661, 464.88631252200946)
(878.3074872724409, -84.79010184308747, 470.51737101897714)
(-592.6510218723763, 655.9450421292449, 467.4407641398974)
(-9.367780431211521, -886.3765815716911, 462.8701765409776)
(603.998526258364, 650.1261002931441, 461.0009045493869)
(-885.0552607471598, -70.40221143549105, 460.13119221453536)
(700.4928288127825, -548.5597929855032, 456.4996717431105)
(-146.98953623749932, 881.0798707417271, 449.54681359167296)
(-483.8465941135306, -751.5736467820111, 448.3631639949083)
(865.6301718903945, 223.24645940758867, 448.1578113510708)
(-789.9268714421386, 415.37049550433585, 451.09077715922945)
(303.19685235393945, -841.6803802359334, 446.81741936562656)
(347.4108898463552, 825.5409959313173, 444.73333319292874)
(-815.6357688311568, -377.4151005138305, 438.5158315355817)
(852.8876071822763, -274.46688554485365, 444.1291008864418)
(-444.3247881542371, 779.7105939168138, 441.16535716846795)
(-202.5707443567886, -877.5979876242313, 434.4961054470294)
(740.5288968279613, 513.2474555086446, 433.8133266471473)
(-895.1786817446199, 121.87672921300576, 428.72041078808473)
(580.5486891147195, -692.38664645466, 428.44363850855603)
(42.56587127791417, 901.5562906652447, 430.56288897706554)
(-647.6263513925933, -634.311086517104, 422.17242271778974)
(903.4550280238757, 36.431639527922904, 427.13200299168125)
(-688.7143478663945, 588.6687489204174, 423.25128598438744)
(115.42338265381458, -901.858595963023, 416.3274139716912)
(521.2246625598709, 746.3342067411857, 413.8962466456465)
(-890.6208800096882, -188.85509303832214, 413.67644593843545)
(784.9402762005219, -460.488215313128, 414.51099666471885)
(-273.559744561602, 869.82645218361, 410.5691284510626)
(-386.0449230846767, -825.3571433569347, 412.0132319115811)
(841.4832105544448, 350.6972767436216, 410.9956525799169)
(-856.444518061007, 317.11757551808654, 407.3563928316092)
(418.31374747787834, -813.832291098012, 403.34924152299385)
(242.80810218894302, 882.0811021797801, 403.7042911447784)
(-776.7452955445708, -487.8783269859561, 398.29823487778856)
(902.8920257375012, -158.47127747264233, 399.590845835863)
(-561.8221037509435, 727.8797677725511, 393.12462070473435)
(-84.29781962576517, -916.8276651549181, 390.2831152034678)
(681.8545213773259, 616.951030090289, 392.9959772667261)
(-922.9131276645307, 5.200032389571126, 384.97313990409924)
(675.2530221401774, -626.685241285474, 388.9716756340033)
(-77.87053521072069, 919.0498939021348, 386.3721939587147)
(-561.8990845328157, -732.306889443895, 384.7025324509713)
(911.7303823881676, 159.98164078225443, 378.35642513765146)
(-779.846276795681, 497.586540907866, 379.79918229935504)
(241.04494059627766, -893.9268628036443, 377.87842035629836)
(432.4905558076692, 821.6484147942444, 371.27591034603745)
(-868.6939201640251, -320.783092621142, 377.45076574100915)
(858.3626552574852, -354.71920851836205, 370.6586504689002)
(-392.5657198196255, 842.7895749062833, 368.23618514723097)
(-281.17326702447934, -885.7288549821433, 369.3588896490812)
(802.3600827310526, 468.87913301537407, 369.28397780376235)
(-908.4212224158407, 203.58071632989063, 365.13802130580507)
(529.2528650887033, -765.9440388016925, 364.994704371927)
(124.85207435679787, 926.5109887705994, 354.94978125944925)
(-714.3909954181653, -600.2082391044266, 359.7159648620095)
(935.2652613865622, -42.39364546186852, 351.3995868921574)
(-662.6357320352265, 660.2590332765889, 353.51364274494927)
(38.97846558010997, -934.7744915314287, 353.0967703097542)
(602.7754796559157, 715.9601522086831, 352.225469798679)
(-928.2770741757018, -122.28514136722096, 351.2093645684824)
(773.5567469625895, -533.6720714491732, 341.7661179575951)
(-208.12100814280055, 915.3894173497704, 344.59811458229484)
(-471.69676524665266, -813.004500778388, 341.3588190891345)
(897.0907050420172, 280.5887378942114, 341.31836618346466)
(-852.4600067516019, 399.9589225232271, 336.667190535576)
(362.91226383232237, -870.2969316488312, 332.98339226262965)
(323.9107126994927, 887.0522225845665, 328.9683945400948)
(-838.1161369308662, -436.24138890925997, 327.4977734559454)
(914.5436451440064, -238.990965606289, 326.3330192997442)
(-504.45450657629664, 799.0504081591821, 327.1759404594254)
(-159.04932796552708, -931.969054209575, 325.7867297319281)
(750.4660397388699, 575.8283440545688, 324.3800878322066)
(-943.0685363119817, 80.22445285847745, 322.77821020312734)
(641.1919532024015, -697.8673858784302, 319.1457204408287)
(-7.0728920157510835, 949.7095115472838, 313.0524203310892)
(-640.1085785494051, -700.5617246057133, 315.3954306659003)
(945.8443747723655, 83.48031192831857, 313.7028151480692)
(-757.7869165007107, 573.6480002671533, 310.9452700554246)
(171.6958134036329, -934.4412456552177, 311.99375967796203)
(511.9513603575185, 803.7189071881066, 303.21893551762514)
(-917.9838078704548, -248.1594211702443, 309.3907402817817)
(844.7107385627854, -438.95872672999053, 306.233578146321)
(-333.9777571608367, 893.8278924504559, 299.21657106415995)
(-358.1533701557117, -885.5949725994502, 295.71558625254244)
(863.5004123460379, 406.6438582863325, 298.3417677701659)
(-912.3546551849942, 285.84860597511187, 293.0862631109754)
(484.51458701533113, -824.2402660288373, 293.0419745123124)
(207.09291336216472, 933.7021319143327, 292.0836422906994)
(-782.5095415117561, -549.4962666309867, 292.8014180322029)
(950.4154167616103, -124.05878686851071, 285.166535523662)
(-619.2271073835944, 732.4192290673462, 283.0545219100744)
(-36.833498917882686, -958.9057702375488, 281.32368752488566)
(674.5437238635899, 682.5199321066872, 281.34908365467317)
(-959.7588596055028, -49.96525480052919, 276.3447208134487)
(737.8537441845219, -615.3473122901515, 277.34371716368264)
(-127.41452448130167, 953.1813462397434, 274.2459847140771)
(-545.6697218782002, -792.7426338718594, 271.6683107527907)
(939.2917000356485, 211.75803847412615, 269.9808055876041)
(-837.4955274896128, 478.3188509482466, 264.22020789948033)
(298.5968935349939, -914.908553924248, 271.6288517950416)
(400.72687584831533, 877.8299658285054, 262.35952825535816)
(-890.6170935927723, -374.23207715540553, 258.3632037042305)
(908.5955581169212, -326.3216350213915, 260.70731153377005)
(-452.35985410330727, 852.1743707281611, 263.0007685724464)
(-242.12641494786587, -935.7493415079824, 256.4136678335834)
(811.3246181453846, 527.0395143833617, 252.94606988406886)
(-954.0423865439881, 157.4439456747088, 254.97946711025787)
(594.8608542024282, -763.6573467452848, 250.9342959810583)
(79.43794499302764, 965.964245172552, 246.17613601546904)
(-709.7546405298682, -659.6312528651591, 247.25484927470734)
(969.0575625577616, 4.28966193609531, 246.79756735041815)
(-719.6282579395772, 649.4630081221322, 245.62770905539276)
(92.13668178589796, -965.2947577739892, 244.37033879654786)
(585.7093875293697, 774.8649462359721, 237.75791985693135)
(-956.0947461516987, -174.93419574376185, 235.1188285539932)
(822.8490883861499, -515.3489992301577, 239.44683488105883)
(-262.1266571807257, 935.8072475968573, 235.6998322877052)
(-441.948484855911, -866.0018257302373, 233.92813974693172)
(911.6568749164196, 343.0532205289078, 226.26583989275164)
(-902.4238772252846, 366.1371332583718, 227.10073857877623)
(422.9023136423294, -878.8687418237315, 220.77900208383915)
(282.6325570449876, 931.7836501348447, 227.81147258116087)
(-837.1648976653715, -500.9446235441144, 219.5664324508042)
(954.5377096375021, -199.52666848460296, 221.46527818921703)
(-571.5658168874492, 792.3199575339146, 213.40478405893043)
(-119.2655567166666, -969.2291544977504, 215.3382758652985)
(740.016696547872, 636.340525478713, 217.8210836072812)
(-976.4575796933947, 34.96442786649502, 212.8569562952702)
(700.7807466438788, -681.8097879372663, 209.8612832472626)
(-55.35134172318204, 977.4130720860318, 203.96057335864973)
(-621.4222661501212, -756.0371702921733, 205.52898644583178)
(968.8918231381742, 139.12178315290836, 204.67966315279128)
(-809.7849844806052, 550.8077322665047, 202.1363920356166)
(224.86537635830828, -953.3310986132127, 201.48294948248412)
(481.4462279845334, 853.2245200728192, 200.54288296015932)
(-933.7013205688045, -303.6323722555189, 189.76097197937352)
(890.8988293688362, -409.67619433974994, 196.1241739830572)
(-388.3468241347683, 901.1083654873436, 192.84827671816836)
(-330.1449291331234, -925.7189894672632, 184.52283952777762)
(867.0744000678662, 459.83878780870987, 191.6514387464029)
(-951.1863951781027, 244.11087398907378, 188.8235229741696)
(539.1745598211193, -822.162263128044, 182.5924618648733)
(154.82941334226481, 971.4623037574655, 179.69097123207948)
(-774.9870725070693, -605.5378861913307, 180.88368039670578)
(981.453415555267, -75.40776087658008, 176.2465962635333)
(-673.8838395596924, 717.4959679941941, 176.29550956380382)
(7.4097361598373634, -983.8965898053482, 178.5849836336977)
(659.3488706263113, 731.5232101863503, 173.58819015838804)
(-979.9051965758564, -103.07811757666501, 170.7650649298146)
(790.662789110789, -588.0608308830214, 170.40191635283497)
(-188.1335783256133, 968.2523258087165, 164.60009195748177)
(-519.7996024516663, -839.3124778345915, 159.2574577288236)
(950.7115512972632, 265.6795361242691, 159.8809879715036)
(-884.3329404400687, 439.622510963875, 157.1219217882715)
(347.3127730767151, -924.9677447039053, 154.30006129335598)
(365.0172874678557, 918.6335858345068, 151.2438918649098)
(-889.7234870569406, -431.3926549469809, 149.30671062291)
(946.0027315225769, -287.18901293942565, 150.33729676531232)
(-504.4211832374794, 850.2401889725942, 150.50212941067755)
(-205.58883088528833, -967.1659389717546, 149.40976911870445)
(800.2332165932606, 582.4761109117782, 142.64774543571835)
(-982.037871479489, 116.80747053923763, 148.181084508987)
(648.4233512685353, -747.7601214685042, 142.83542372636202)
(29.99651155657334, 990.2681144733864, 135.90169517618313)
(-691.4381022094869, -708.392468849394, 141.75140525018836)
(989.109303731183, 61.64400836992378, 133.65179199884744)
(-768.2643121729058, 626.555129072233, 131.14349726452093)
(139.7710010598106, -981.7950182269623, 128.61807589704216)
(558.5161058632493, 819.039431395678, 131.2789751270022)
(-965.6239395302838, -226.3609362037684, 127.79332520506776)
(867.4581356457419, -481.5321087555021, 125.07282334501274)
(-308.93636139161714, 942.994555504634, 123.77234302834172)
(-402.86167121380004, -906.7292842531616, 124.67749975265566)
(909.9861607699276, 397.1527390747147, 119.14230588946609)
(-940.3402258814953, 320.33470765710524, 114.6557223141325)
(469.8331391952232, -875.2336672569443, 114.99064750631975)
(236.96351407898638, 965.0961816212505, 111.52422703350375)
(-830.6361214040594, -545.4648506334236, 111.85584715283242)
(982.695857975455, -152.92601284768742, 104.51069472734945)
(-618.9936424569341, 778.4418868858968, 104.28374436805441)
(-69.97018623574996, -991.9541668187369, 105.5040471691965)
(723.279075998634, 683.551265336649, 98.10731817366339)
(-994.5272735023982, -14.182078774596492, 103.51024539395615)
(745.2916762769552, -658.8880654205434, 102.01389375305727)
(-104.32911860076837, 989.6446880102702, 98.58410878555226)
(-592.7503671413764, -800.2353904802474, 90.9413111665393)
(977.7367356005711, 186.40517483219367, 96.35344650254217)
(-847.7283066130135, 521.7540649031403, 95.54796661406556)
(280.0094804146207, -956.10372527415, 86.37336044653378)
(439.72092747161076, 893.4626341010337, 91.4878538864532)
(-930.123382566182, -357.69784940264583, 83.20301518794814)
(928.7118664414585, -360.7736158675861, 85.65434737740873)
(-435.33114652594264, 896.1904027416631, 85.61281970677051)
(-280.69049578834057, -956.1892449846825, 83.15631876002222)
(851.1284970138208, 519.8149590506449, 73.29863517263237)
(-976.9769964923753, 200.32147953334209, 73.39790979523865)
(590.1606043801017, -804.2859198487924, 69.53143296880064)
(116.05864475442095, 990.5384775489688, 73.23875663020466)
(-748.798601841257, -659.3659840162261, 67.35839222318354)
(997.3708161736402, -25.093903922225056, 67.98346145254088)
(-719.0128846626769, 691.8285748075319, 66.28495129993912)
(59.68462857022575, -996.2579608624687, 62.51256298209078)
(627.3038867672772, 776.5343512120675, 59.02740917845432)
(-987.0995329902709, -148.41270271317663, 60.06814167060128)
(828.3690770888679, -556.8157096139561, 61.3264840835005)
(-238.2191486228248, 969.4465515880943, 58.523677630243746)
(-484.7214935050815, -872.7722480405787, 57.564544507863694)
(946.7845885140323, 317.8295896948353, 50.826123860935844)
(-912.3678540284337, 406.9271131374569, 44.66792506000166)
(400.078991924339, -915.4132961252343, 44.2187460014288)
(320.5519778396746, 946.1076131488009, 46.11739200076093)
(-875.4080594977632, -481.4305077296905, 43.421142240768354)
(970.6122309654519, -236.49335987851703, 44.52850585454926)
(-555.310950533632, 830.9098140809838, 34.90886823343581)
(-152.7570905718817, -987.7035673832647, 33.27062155095196)
(776.4209683353229, 629.0015057671409, 39.084340494742065)
(-997.2775113514574, 63.65234303023376, 37.22827661073455)
(688.7889893402552, -724.4750577370714, 26.56348773216572)
(-23.589964259990893, 999.229654126472, 31.36258759259944)
(-658.0834483836887, -752.4345726711765, 27.719827066139423)
(994.181740038651, 104.5835815582298, 25.78647401591417)
(-809.2320656338812, 586.9457906367982, 25.260696816706314)
(198.91286907714317, -979.6975819716577, 25.026353997060674)
(515.3826296054424, 856.6560291502736, 22.829647861167214)
(-959.391741091024, -281.8003623662478, 12.491713116509478)
(898.5356456830003, -438.6219281370755, 15.636418846644455)
(-365.5586540381891, 930.6820124322971, 14.066349659999902)
(-359.63219710120416, -932.9932384921518, 13.722235098096405)
(895.2702058654047, 445.4089122051363, 10.107394221712875)
(-960.9308991312732, 276.6069045167303, 10.021350629296208)
(516.6432300164813, -856.2002824411103, 0.9215345356489686)
(193.59596047333434, 981.0639117658442, 5.848514264926142)
(-805.351693944272, -592.792498050834, -2.388161582351089)
(994.2981209460627, -106.5880822695202, -3.1980308371130284)
(-662.0051862352595, 749.4742893804129, -6.117430452799998)
(-15.821881968916415, -999.8431082981499, -7.96409691399972)
(691.5467621051498, 722.2830544068033, -8.382430355356076)
(-997.6038122872986, -68.00472707492163, -12.727560854839286)
(781.7262726283374, -623.518168843734, -11.3634415721184)
(-159.24356406571636, 987.1577869964249, -12.688217998183427)
(-554.7135755837403, -831.86790381222, -16.989398758202388)
(970.928829490914, 238.74850816340455, -17.215049031362824)
(-880.6129594675468, 473.4305746899585, -19.60373858590489)
(325.32297673618416, -945.3919183702538, -19.977023995573035)
(402.96791855944116, 914.7991986845619, -27.555084793101464)
(-914.0181756380916, -404.97006150336875, -23.875173071044543)
(948.5236011821066, -315.7094689364874, -25.109942739261164)
(-485.61670157050384, 873.7060033723657, -28.53487036718304)
(-232.30504819751164, -972.2050713303523, -29.183280512927002)
(827.9380001138783, 560.0184447226317, -29.966807268646484)
(-988.303969277771, 147.99370348092845, -36.78488874254795)
(630.3898823698055, -775.5485522000048, -33.66065041349374)
(56.77422970442498, 997.552429342724, -40.81467326708179)
(-718.8340409487716, -693.7847532034975, -44.049265551443824)
(998.6806303048528, 29.733733690769835, -41.8676932097802)
(-755.3109890369467, 654.0317954916627, -41.80574513127823)
(110.71318681666114, -992.8435572807804, -44.76897397690724)
(586.771191308346, 808.1359795227295, -51.14496701947296)
(-979.093139491727, -196.43516856609918, -52.819018834524826)
(854.8283609635184, -516.3499955215925, -51.48937188659416)
(-284.2675785295653, 957.0380794859077, -57.18442279907046)
(-432.7204662297546, -899.5495605834961, -59.695780084882074)
(930.4539702951793, 362.1717335197836, -55.561178904092245)
(-932.7756518228988, 354.83061010186907, -63.441480918258684)
(445.2063796412196, -893.337993920442, -61.14334096987547)
(274.25935219612194, 959.6717296556859, -61.74122636154686)
(-848.9696693891752, -523.9816119917431, -68.5110994786183)
(979.4831044959795, -189.0146384270848, -69.90217784301487)
(-594.9627582839299, 800.242567831334, -75.04098137611653)
(-100.59582980830871, -992.4690504557354, -69.89751721391016)
(742.189932473171, 666.2243250096924, -72.79596761393806)
(-996.9235056558698, 18.0647350843116, -76.27050030742299)
(725.3209547074214, -683.4248882132127, -82.7038985361169)
(-70.26816697071567, 994.5852225034077, -76.56774705071754)
(-614.5480331790453, -784.2438369922236, -85.39507629531083)
(983.2413143654916, 163.2165986753041, -81.2210541773829)
(-832.4604189291973, 546.5160385948747, -91.26812408936071)
(249.46774036757867, -964.1168646047612, -90.79932764387088)
(469.148962294983, 878.6574185963874, -88.6588513520988)
(-938.6257717515286, -330.79502717684204, -97.75638392923382)
(914.9630030846149, -392.17308496667135, -95.09455512334512)
(-408.9874111992705, 907.7916939836348, -92.97062877512195)
(-308.419232639609, -946.153978732651, -98.33730455106475)
(869.9545589764653, 483.3118738195251, -97.92189714830536)
(-969.5855136177813, 224.1230416040864, -98.35036352081327)
(557.6102990205231, -823.4356468655187, -104.99757091193862)
(139.2732619335613, 984.2688050918608, -108.71006316540392)
(-770.0424794834796, -629.2777596595441, -105.09082257171659)
(992.6701200485853, -53.2160520940797, -108.50845387455836)
(-693.4130486373011, 711.7779360121727, -112.0290756267105)
(27.371379958292668, -992.4863594765171, -119.25449179057526)
(646.2617906727062, 753.880288030994, -118.36472969095432)
(-985.7762085929738, -118.56121616533264, -119.11550945808543)
(806.5254268949741, -578.3661964160328, -122.51236107075425)
(-199.51197004998193, 971.9473058922156, -124.55283367165468)
(-505.6995673876341, -853.1076754269509, -128.35591794531354)
(950.698263169549, 283.3291699151257, -126.08486777408604)
(-894.2716200877576, 428.1948052849956, -130.10564258540884)
(368.7078116255548, -920.929692918913, -126.26579246403504)
(347.0756500541637, 928.5807505419857, -131.4392744287725)
(-883.8603495192174, -448.03696689823107, -134.36427665268752)
(954.8289068933595, -265.1838452452001, -134.08686282332798)
(-519.2918618647556, 843.90225872624, -134.77737168303142)
(-186.4540840976439, -971.5894813234254, -145.76952460986493)
(793.3845544300079, 592.4209581114898, -139.92268287222822)
(-985.3067433134394, 92.35397063847665, -143.67103287848767)
(664.532535711723, -732.1440159010523, -149.53811875514307)
(11.32289048662322, 988.1316488569922, -153.19150328327595)
(-675.9599603280994, -721.4827028563461, -150.13607665160177)
(984.369286983274, 80.72327655795945, -156.52750386365872)
(-781.4528600469936, 603.3849231664988, -158.92785161743228)
(164.32461239783484, -974.0195030310713, -155.83141363475434)
(535.0830110039389, 830.0666451673023, -157.08448655312407)
(-956.2727223144376, -246.45728360452603, -157.4842465633075)
(871.3979489807784, -464.32573880656565, -158.326317439109)
(-327.1044138642214, 931.1140201210934, -161.3362450427064)
(-384.98033703679886, -908.2037849567469, -164.1829013182305)
(894.0425689366898, 413.4928321174275, -172.37042297503672)
(-936.8499083210171, 306.43910336739464, -168.54472761344127)
(486.6709309287993, -855.5523151347087, -176.5832411542384)
(221.77939769607536, 958.5207242063259, -179.03050026335347)
(-811.0917330233295, -558.4082605980202, -174.09886592710865)
(973.7415734406155, -136.81871370239844, -181.95600494134644)
(-626.9419018801071, 757.120993649586, -183.60733275666797)
(-46.205108007902666, -981.268418306558, -187.02240301130715)
(698.5813886327029, 690.701958701947, -186.85515165843952)
(-982.3612281557109, -33.45688626662227, -183.97568909436222)
(746.9828134768693, -636.5526506941919, -191.87860554105237)
(-118.80804549306117, 973.6576409536822, -194.61615179277788)
(-569.7906414672246, -798.5339978652322, -194.11872436665692)
(958.8213414066502, 204.45358832935545, -197.13032613578844)
(-846.6298438682655, 494.0310317626997, -197.86674083099118)
(291.8462878805649, -935.1691729707092, -200.70964644384853)
(416.07501238584956, 885.9742868071061, -204.77096274803)
(-906.3468070050069, -369.89635263641026, -204.23553495439782)
(918.5564008190996, -337.9940116603296, -204.97362414715363)
(-446.69577762696645, 870.2937540472468, -207.48894890232157)
(-260.47753374761055, -942.7663315916486, -208.19005362886077)
(827.9574214632911, 520.3480689955952, -209.1037908226759)
(-960.2029947102567, 175.568709979902, -217.2230121912678)
(593.6868458536777, -775.7357563499625, -213.93916280209962)
(86.800045360282, 971.5316541027158, -220.43592538852164)
(-722.0141253478043, -654.5970226115122, -224.0498622771025)
(976.1514552899944, -4.940567854790045, -217.03439157077918)
(-716.8706416418088, 661.5785427508823, -220.02344175946382)
(84.46817051615811, -970.3486686722758, -226.46984208851052)
(593.5468572601604, 770.7760652254968, -231.5305282507848)
(-958.6203387479665, -164.6973841086953, -232.210718543496)
(814.5166925678719, -530.5772280791026, -234.62813678711007)
(-246.89350958346728, 939.4510192865396, -237.64548656989137)
(-449.26379749663533, -861.2861571098503, -237.3777492307327)
(913.0540370334019, 328.93142875759105, -241.11499462392837)
(-893.8517576239198, 380.54102995063306, -237.10242494909372)
(404.51258022717144, -882.9101648785456, -238.40975901186508)
(296.2276470252075, 922.8117092693333, -246.30820200172073)
(-841.528117194523, -479.8229576424315, -248.19419270061584)
(946.450510556307, -209.58312690309563, -245.57350016894435)
(-548.9855130572628, 797.3834147713101, -250.5884999374453)
(-130.5598329036553, -959.2234428250738, -250.68808660760473)
(741.1540302551655, 622.6486874003134, -250.99664443014373)
(-966.7517132331408, 42.2665898309594, -252.19964382379374)
(680.4763077558185, -686.6707201749499, -255.80327722182201)
(-39.634179412641124, 964.9083660982561, -259.5784599227763)
(-620.291389890176, -740.8475208361702, -257.650038810426)
(954.9278414001385, 128.1312489436335, -267.7595950904772)
(-788.2435459136932, 556.6222367838513, -262.3810165449274)
(211.4308452868046, -939.9673592298351, -267.87751164253655)
(486.7793022827991, 832.5589466674177, -264.3700270323989)
(-917.7193080329728, -291.2535684895531, -270.1159575174761)
(868.6944775016472, -410.71444025252674, -276.91795414200584)
(-371.5789465566143, 887.234777304282, -273.39264148418124)
(-329.43371755416376, -901.2713964815712, -281.39526581412485)
(852.3317034142847, 445.77723145650305, -273.5202502007469)
(-927.6625120865575, 247.35749646403758, -279.7436909249271)
(515.1880748243125, -809.5516270358294, -281.4381117092352)
(169.80382839039532, 944.2725448701352, -281.9858522487313)
(-757.0945917059962, -587.4122548122056, -285.92765187363636)
(953.0276665218705, -83.41567219645768, -291.1702122056644)
(-646.6985558672648, 705.4579853417675, -290.0172559637246)
(4.011009748637852, -954.8440232203023, -297.08046573489634)
(644.7597843011788, 705.5803298701445, -294.0088751181427)
(-952.1292203770485, -80.03215864110925, -295.03355959523986)
(756.4975151226082, -580.2546673661496, -301.6886318924167)
(-166.91528701021082, 939.8868337221355, -297.91278381109714)
(-511.14367283178166, -803.8030400056048, -304.3564006256226)
(918.5509065238579, 248.91647710051265, -307.09089786587424)
(-843.3855397426154, 438.4270127803409, -310.6164609571812)
(324.8755030425543, -895.8225665765542, -303.2455057128507)
(358.446666592331, 880.433591149062, -310.40727888568085)
(-858.6089669154011, -404.0708210472317, -315.46380697424445)
(906.316743610527, -282.7066836929976, -314.1128638666644)
(-474.02491839072655, 819.8793542878826, -321.08911715775986)
(-203.5316565270015, -927.1812107788581, -314.49939136670076)
(773.4548240132034, 547.7340443211513, -318.9906768266114)
(-937.1566471008374, 125.12665769744089, -325.7003812220426)
(606.1090467557793, -723.4141061855579, -330.61133436794137)
(39.399113696068426, 945.5725560378471, -323.01741610634093)
(-664.0980981083314, -670.4186064419958, -330.9268925688412)
(943.015978660397, 45.43525870117655, -329.6308560464733)
(-721.4985008168668, 604.7611179558901, -337.200094198913)
(125.10977686332158, -934.9798931184422, -331.9038161839003)
(539.0121809769352, 772.4934772372432, -335.7375409220729)
(-918.3295403540867, -211.07709157908175, -334.83924011914735)
(814.9522208493258, -469.72868505502555, -339.42280443309664)
(-280.90766056458983, 894.9019916238872, -346.75828991349164)
(-396.88555759936423, -849.7478019013324, -347.0022007608826)
(862.6675996495662, 363.6860291710936, -351.47842707713716)
(-880.1880565489253, 318.9374438139634, -351.4938008586225)
(435.9035129241343, -830.2702935731859, -347.33178234980835)
(241.92634935676293, 905.9796184565287, -347.3795797514189)
(-782.9209333068461, -508.7169547824132, -358.10874341021776)
(919.5635923933193, -161.0732086675031, -358.41068761163945)
(-571.4815155250055, 736.8287533096632, -361.23713224054137)
(-73.09687648160889, -930.8024155732226, -358.13923243856755)
(684.8634806558447, 631.8828088378976, -362.88583433235624)
(-929.9206864142258, -9.08281825687053, -367.6479557829849)
(689.5405151262755, -627.6147845641706, -361.4326495985945)
(-89.81246254043391, 924.1447509733298, -371.335698285076)
(-558.9692105399585, -741.7824217195441, -370.55668998983674)
(912.9174737754635, 164.4378836557138, -373.55303304116757)
(-784.1375820991282, 494.2084082717828, -375.34824034915044)
(248.19793361010827, -890.9473976913187, -380.27689950710845)
(422.7611496338303, 825.0436435544606, -374.93465642784014)
(-866.2588325132606, -325.65343511282344, -378.8739569988689)
(857.0533890305991, -346.56275337189135, -381.25286402394147)
(-395.55085206625114, 835.6255492579156, -381.14231575235686)
(-270.4619761974759, -880.86400484356, -388.49571992793)
(795.6529930339193, 465.4973339166507, -387.61907434059043)
(-899.8471311404224, 197.18319070736487, -389.09372891478773)
(527.3054113362341, -751.4231497797773, -396.62608732982176)
(109.60178979808248, 912.709389556664, -393.6356410288058)
(-700.6183080011223, -593.9237364239951, -395.4599623296971)
(916.0000900064547, -36.17492486356158, -399.5437521965303)
(-654.5565842865916, 639.4596076477195, -403.29528655080327)
(49.06849541059373, -913.8492396746111, -403.0779700061464)
(585.517280135269, 702.4030531183694, -404.72146673112144)
(-905.7733875831129, -126.09241656295386, -404.568007671796)
(751.5417932986187, -519.8245044687875, -406.16181194109777)
(-200.47861883588428, 890.7744870298206, -407.8346927940489)
(-452.01922378149476, -791.3186033209745, -411.69586999400065)
(867.49960437418, 280.7635050241776, -410.6291400487548)
(-825.503138664719, 376.14157243420226, -420.7874588689919)
(356.12454191925724, -834.9230141632604, -419.6175294995852)
(298.39663109614526, 858.1886569176198, -417.6980724020672)
(-801.5696030105453, -427.8356922641894, -417.6634912873504)
(878.3056638661095, -226.55349531181412, -421.01386507181996)
(-488.33506453605156, 760.236908234013, -428.4491896402178)
(-145.69335607469932, -892.2538105557202, -427.38341514907637)
(708.4878560622465, 557.3962297846804, -432.8445458061652)
(-900.56442831477, 74.35215459174509, -428.31701759521144)
(612.3354549542213, -660.621705133557, -434.30893763821933)
(-13.567238427691933, 898.6357589075421, -438.48569287276865)
(-598.2975876222783, -671.024697932323, -437.9107801940903)
(894.305280970877, 92.08513394489104, -437.8794269361741)
(-717.6110156205907, 541.4336283404609, -438.0457240540854)
(167.4517260222014, -878.3211576344884, -447.785510600553)
(475.5641643440802, 758.5288217438856, -445.50280826898205)
(-858.4906491745785, -238.40203989587025, -454.0465533987662)
(798.0527197842171, -404.0328683388771, -447.06744205642343)
(-312.41574394728985, 834.7220961425385, -453.4704236720055)
(-333.273278242883, -824.144577768536, -457.94610703003434)
(802.7231340456985, 381.88412120887983, -458.03939572527275)
(-848.0883110181848, 258.26000064671877, -462.6532057386825)
(454.4605898294238, -762.7110711006881, -460.14931740939636)
(184.75963654380058, 864.6967242082405, -467.0797060970865)
(-718.4104173421955, -519.2577037535277, -462.88001614546556)
(876.9990408808654, -105.16527806489496, -468.8421339679011)
(-576.5086219074459, 668.0983962150568, -470.4065707887659)
(-27.19980093129951, -882.2097337438844, -470.07037400461905)
(617.2940900867499, 629.909760093716, -471.34032342103785)
(-878.8667745414602, -47.347445199735674, -474.71192531908054)
(679.7795211618513, -556.449720410748, -477.7693075782122)
(-126.51673532076546, 869.7873744447562, -476.9312727639832)
(-493.20306188349304, -724.4244485010961, -481.62221518803506)
(852.1657498226066, 195.44749767664254, -485.40067004611086)
(-763.2483004824134, 431.1354957907814, -481.22158729627336)
(273.5451379446691, -828.9209979060163, -487.91703878561805)
(362.24096997536077, 793.8719612289475, -488.4145665782439)
(-800.721785833628, -345.40625303036285, -489.42736137135887)
(823.9740637782702, -283.97527557528076, -490.3313013490637)
(-414.1278438957531, 763.8131159254481, -495.06328166256947)
(-210.84263032653894, -840.6256286596137, -498.8927115899931)
(722.6067439162049, 474.7718885773796, -502.4252655504982)
(-853.5823277822309, 138.35200255757175, -502.2508666853426)
(538.0203251738138, -677.5854584373412, -501.41008786633114)
(59.5094388661359, 864.2542032230497, -499.5230714362742)
(-625.7644675210215, -588.8176548806933, -511.57853794792163)
(860.8941126858767, 15.007756309350633, -508.5627729133897)
(-642.694281403086, 570.801701752022, -511.00829536198967)
(86.74347150010908, -854.4500612641416, -512.2408251572832)
(510.4005449358108, 686.9337293103172, -517.3135753728557)
(-842.2031417070519, -165.8539258886484, -513.0169035870983)
(727.1484414993743, -446.58170806975346, -521.3635219715054)
(-232.38266179285765, 818.9458135229399, -524.7152113397481)
(-381.6343054179631, -762.1141569396215, -523.0079050266436)
(798.4984046957078, 298.6300731060138, -522.7048661865573)
(-788.8348067890181, 309.5785438369816, -530.943285854437)
(370.97503039913454, -763.3172025137854, -528.8897571015059)
(243.30092253271116, 811.3807013003141, -531.4753227122989)
(-724.1196879587017, -437.1825126808623, -533.4061568042125)
(828.8530585032954, -171.73270171784986, -532.4570279096905)
(-501.11046650006284, 681.0820752987192, -533.868436106574)
(-91.54940257956902, -836.6324046821683, -540.0601136198234)
(635.3096530678217, 548.8653447714071, -543.2572852965789)
(-839.5527327770374, 18.136462777798286, -542.9753931851039)
(599.2312209587197, -585.1800482049755, -546.3389561537275)
(-47.55529740502125, 834.8654661073041, -548.3959766356364)
(-522.6522375997567, -650.4662908186923, -551.1154534582924)
(828.7770661057372, 119.29923229560269, -546.7140640872946)
(-692.6994026499206, 467.2037290839832, -549.4435486002753)
(192.97193508433963, -808.8148671824224, -555.5000836133925)
(406.97461312217604, 724.865099978786, -555.8257380751633)
(-786.110678849773, -264.716513100843, -558.5294694911632)
(756.7120901848372, -335.41027745345957, -561.1477152646066)
(-328.81016867641927, 758.4770067832878, -562.6690885023355)
(-266.75509169549395, -780.6650131611664, -565.158259499589)
(720.7494248699107, 394.3960818729921, -570.0631518989143)
(-798.2557242592936, 193.8316257365492, -570.2780896646801)
(453.45415381077987, -687.1922945246193, -567.5791405061838)
(124.9515608565874, 808.9490998255378, -574.4462214437087)
(-639.2787250612568, -507.25079899703184, -577.9440618268578)
(814.9161888476887, -56.95334591136571, -576.7737177988076)
(-565.0331534857813, 591.4051654379404, -575.3064103199581)
(17.452945746556626, -810.9801036859808, -584.8133600647676)
(534.7713409988073, 611.283053668135, -583.3974984043872)
(-807.9812169627514, -82.73076093737527, -583.3712147767612)
(647.5612055357566, -482.87192213285914, -589.4906207063822)
(-159.75515184353694, 793.9595815988035, -586.6058934641735)
(-421.37377978095856, -688.0061181435169, -590.8398421824627)
(772.2222117495905, 228.80576832786494, -592.7231867073077)
(-721.57866444123, 355.2547949660509, -594.2375465054695)
(287.2640308866797, -751.1404027250094, -594.3630809133819)
(292.5240893568725, 745.1593413114242, -599.3056091863788)
(-715.2776168391437, -355.26885014684814, -601.7989489557548)
(763.5733533354969, -219.54989170670228, -607.2508370744002)
(-410.83311095768073, 678.394517205884, -609.0952585317254)
(-151.87652904286426, -782.1374540374065, -604.3132655484039)
(641.7268105396519, 464.59525000491624, -610.1950133420258)
(-787.9575791292582, 90.38499339694509, -609.0594441114866)
(519.495613087544, -590.4797891338696, -617.6228028556084)
(21.776513513346334, 787.7427097349023, -615.6193683752294)
(-544.3009072041916, -567.5166670778459, -617.7874675044384)
(782.275993436154, 53.224658651082834, -620.6540145724945)
(-613.2188815726095, 488.61982634298755, -620.6555152315867)
(123.78741719731417, -772.7027003036661, -622.5810889250017)
(428.9798590114666, 646.6001955984464, -630.7808396063986)
(-754.9514803160922, -181.20806064698718, -630.2474919625612)
(678.4833063995374, -374.8888571496651, -631.7584567872198)
(-253.95969547282004, 732.580851593823, -631.5297055194012)
(-310.1115658852251, -709.9109416358375, -632.342685298037)
(707.8994591866535, 308.8867278836813, -635.1907941875072)
(-727.4499078263331, 246.3259776518403, -640.4218487351325)
(371.9989617334105, -677.6386337236216, -634.367917343278)
(181.62315168840587, 744.901040489638, -641.9777804941731)
(-637.8965746382349, -427.8770118431546, -640.3196255004057)
(754.6851569197391, -117.4583910670513, -645.4872890250962)
(-478.3648712506906, 598.2146180815013, -642.889042266948)
(-43.379761601144914, -758.563957998414, -650.1529957703864)
(543.4664086797683, 531.6265436321125, -649.6287253058384)
(-760.1880960786496, -22.348816296422292, -649.3185574049663)
(568.0085806556486, -500.41705091298627, -653.4133664512113)
(-81.4620243331457, 749.5507173883404, -656.9152613953875)
(-442.0230584500398, -603.3876185096038, -663.731118471766)
(735.0371484923795, 148.65170934577097, -661.5308455731843)
(-640.0976946530863, 386.878091310179, -663.7772847604815)
(213.64370345474123, -719.0537839084686, -661.3002523975445)
(323.08811033667337, 675.0645935228042, -663.2509838145503)
(-692.1461698788677, -274.10095151743207, -667.6843175477857)
(690.6699762537014, -262.5651692456347, -673.8208336054344)
(-329.3498313971864, 665.8028084726466, -669.5037780241283)
(-203.09382049584036, -708.0240253498104, -676.3541081444353)
(624.8680899893416, 381.03812159022084, -681.4321829852684)
(-724.612611833896, 137.2291819054213, -675.3552505199232)
(438.3852358603119, -588.067562916423, -679.7020865241166)
(76.56075719268716, 722.6855884918468, -686.923569725392)
(-545.8552589726193, -481.8976002965437, -685.4317902463871)
(722.1811608465582, -7.628148021979206, -691.6618988176753)
(-524.3968023527723, 496.2438966258158, -691.9176170208517)
(53.267845016085246, -717.7472986205368, -694.2631720106319)
(447.01689586610274, 563.7687048717434, -694.5075537511964)
(-711.5916854190332, -112.9591883347064, -693.4533113434994)
(602.5549036977759, -396.1050583977197, -692.8407975440699)
(-172.9713110710891, 692.7663065973104, -700.1112554372124)
(-339.5399188990919, -628.2841580817767, -699.9797569769223)
(675.0870826804735, 230.11454742555546, -700.9313274930001)
(-648.9858359083877, 285.89739103520975, -705.0390532371606)
(293.23309382269616, -647.5763445369183, -703.3201480715395)
(223.78240649484738, 665.5531171245257, -712.0115749264208)
(-610.3865957916832, -344.6933619493332, -713.1722722497744)
(680.298138064749, -160.06985404517366, -715.2426757203408)
(-392.03998107423547, 578.6870627238884, -715.140501352924)
(-101.17254646899802, -691.8192613407098, -714.9477082129664)
(538.0879313081583, 444.13404264038456, -716.3842058200444)
(-689.5753775974216, 41.46225482488136, -723.0260576467558)
(479.52245084330696, -498.33559946634324, -722.3017717282358)
(-17.80073039866077, 685.789748108287, -727.5819922090201)
(-448.82448595648964, -517.9771122262163, -728.1869897325017)
(679.1351916328995, 84.14214511514764, -729.1745270517657)
(-557.6960494267462, 402.67012194163885, -725.8318602467833)
(137.05202502719277, -664.8088264166164, -734.3336889687866)
(349.22159381611436, 585.6996291734554, -731.437094218368)
(-646.3318976708953, -192.60254030836924, -738.349063465176)
(606.647964886358, -291.1077314499607, -739.7530232376869)
(-246.3505233293025, 625.0957404924812, -740.652911203038)
(-232.93890093907547, -621.9747839166536, -747.5873437941066)
(590.4568240513341, 304.6875264421636, -747.3461381192573)
(-640.5642061122564, 183.86074551877172, -745.5687252728994)
(349.3724163436385, -562.0791048320858, -749.6705907326019)
(118.03780825084299, 651.0088383173527, -749.836360985534)
(-529.3707678389029, -390.7591648154534, -753.0430699969158)
(650.361808832519, -63.51232910060793, -756.9647955250693)
(-430.73303804021106, 490.6387052062674, -757.4580588350536)
(-3.6693047857963736, -654.2156295338926, -756.2991777570312)
(443.5961798491865, 473.20151726839043, -761.1194080287938)
(-642.1987266770564, -45.81925784645325, -765.1675575093128)
(511.75501570523465, -394.6830439275854, -763.106872421282)
(-107.06988175676074, 634.9162138973765, -765.1257685837109)
(-349.9072577975448, -537.134402305111, -767.4969347176141)
(619.5179946218384, 153.40699206105995, -769.8465750566886)
(-563.2888798232294, 297.78239420365, -770.7342496411026)
(206.9754052931092, -598.1507908008452, -774.1942992996505)
(245.1349736993106, 575.6820581362116, -780.0634670393774)
(-567.017646031567, -258.4116353100863, -782.1217397727719)
(592.9524018784516, -193.32589597006032, -781.6857086156484)
(-310.452243547503, 543.1093008001293, -780.1613242533347)
(-145.34646349864968, -604.3112006667748, -783.3788217057676)
(510.4980787958561, 349.127912817092, -785.8125807326585)
(-611.6143830474241, 89.12843167932509, -786.1195641350639)
(388.73821708947156, -471.0295610355223, -791.8419988891611)
(35.74313849106815, 609.3370059146719, -792.105322083971)
(-428.170640344946, -427.7157720755932, -796.0710527737949)
(606.3059837151583, 25.018568175467532, -794.837798143523)
(-457.0436108024009, 392.49031640741924, -798.1619443140016)
(72.74058239731984, -593.6797329064796, -801.4070017217157)
(344.2164673254551, 488.1529224518869, -802.0110647139888)
(-579.3873013144647, -119.16821580669291, -806.2935516404626)
(510.9398607693609, -305.12109272566624, -803.6426926507087)
(-168.9443788734804, 557.1223363140465, -813.0636501695501)
(-254.48879829656772, -529.3916911888945, -809.3082780014863)
(540.0118513703611, 219.47790522635813, -812.5371680711011)
(-541.9474752841785, 208.11990976940288, -814.2352468363675)
(258.97932841183854, -511.3504429619059, -819.4207905209726)
(155.77282738523982, 551.1897422475786, -819.710128209635)
(-480.65137121105244, -304.5475475018419, -822.3290403868443)
(559.4228977426429, -103.89231281292902, -822.3456747740605)
(-340.2095218525704, 450.8201606954241, -825.2385497245008)
(-57.47927463186398, -560.9393819337631, -825.85903323967)
(417.44551822634827, 371.1264243592715, -829.460316383513)
(-554.1468009373897, 8.262182274801814, -832.3779546305362)
(404.1803331578593, -377.2141674057993, -833.2753027641893)
(-46.93122410871757, 548.8896353079836, -834.5763167351001)
(-335.5064416166308, -433.15505636990054, -836.5477420774828)
(537.6539682518767, 86.56564860489665, -838.71008036426)
(-455.8098612535261, 295.40015049578915, -839.6285616098982)
(133.5121945984376, -521.1166646583462, -842.9780042853253)
(254.01482863569487, 470.17767371446257, -845.2274380151387)
(-503.7237008019111, -177.09038801114838, -845.5184372469282)
(484.7667534667905, -209.40463628263436, -849.2060368583147)
(-217.1471358255584, 481.7388545652411, -848.9845684138941)
(-159.51076488277016, -496.1988245323301, -853.4301625905002)
(452.5014696383745, 256.4521016100488, -854.0929337928634)
(-501.44882731652365, 112.90553232734632, -857.7886769786379)
(290.5120934430663, -416.301058583843, -861.5661043618759)
(69.4033346300191, 498.3734640164001, -864.1799971687193)
(-386.00759567589193, -327.1830360053168, -862.5250124088349)
(498.3985646657081, -27.528747961037553, -866.510841694932)
(-351.25863912982464, 350.3263379917775, -868.2677152502762)
(15.662449754928952, -496.6011642801494, -867.8375258671833)
(318.8130685560536, 371.80883884993324, -871.8465545443977)
(-484.17740722635887, -58.12676443871204, -873.0369508717525)
(401.12506917441726, -278.17792978451405, -872.7632658748997)
(-99.57763823544329, 469.6170918219717, -877.2366163311499)
(-235.94443886729536, -416.366193181663, -878.0486404197703)
(448.43452804149183, 137.7825415803906, -883.1321788361312)
(-420.73146055622374, 198.51597525768358, -885.1985346043663)
(179.91872613158412, -431.25424649975076, -884.109171348833)
(158.46763635030746, 428.84958732732815, -889.3683374613282)
(-411.2479620800825, -213.48940911406766, -886.1700660037583)
(439.24088246414374, -114.31108132165062, -891.0670142358515)
(-239.72835832390857, 375.5967118050929, -895.2415452248213)
(-77.60773455711505, -441.0901308069201, -894.1009652391873)
(350.3847144203241, 265.9433465767972, -898.0560607846937)
(-435.5429764154819, 44.2032421592115, -899.0819701661006)
(294.58222523558976, -318.06119788261884, -901.1428227405032)
(1.6886533584140468, 428.6393011690791, -903.4741268808524)
(-286.0791389575525, -311.93269520217274, -906.0114347607396)
(416.608517923577, 31.1316259544196, -908.5527858407319)
(-327.03236396674527, 253.7631351042075, -910.3044019339937)
(68.73038649019065, -404.31801340781914, -912.0323886830245)
(220.22541348143804, 341.4767123037549, -913.7255727028484)
(-391.8071925297265, -100.18701948256167, -914.5762324755519)
(348.5271672124585, -186.3974503588307, -918.5775983631358)
(-137.67336961170838, 369.30714817387985, -919.0529220928651)
(-145.99110131683943, -361.6719351412252, -920.8040017655753)
(344.5912604665798, 159.6178438882035, -925.0832433476108)
(-365.03571800572144, 118.71464588287719, -923.3936091575198)
(187.79545683579485, -323.1699658878686, -927.5203714958875)
(83.18826999631735, 358.3229873435998, -929.8840510924887)
(-301.66004093607967, -211.1510018158037, -929.7400035142218)
(355.40912989605374, -43.96521580715546, -933.67628768517)
(-233.78873170837085, 269.60497739114675, -934.1605777874116)
(-10.230016006586244, -348.1302311354631, -937.3903610247303)
(245.08254891715853, 241.8901012903967, -938.841692253806)
(-333.2361175868885, -16.27097249637842, -942.7029995654195)
(253.21674499181384, -218.4491184528881, -942.4230805232366)
(-46.71035544015268, 320.41749246054843, -946.1240791883214)
(-183.27178131974856, -260.2038576020459, -948.0007419094674)
(308.3659356519077, 71.61898587848027, -948.5679578139151)
(-271.2657856860321, 154.06759829468905, -950.0937052058844)
(95.21388865728373, -289.5449559290004, -952.4169433094056)
(121.50122644889912, 269.11300224469244, -955.4138600597447)
(-272.40824933083286, -113.7716925393161, -955.4317074879033)
(266.0400183148974, -95.52979410005827, -959.2167466710583)
(-128.32643132272372, 248.93960055405745, -959.979896820741)
(-71.35167273111044, -256.3415678296262, -963.9491373517182)
(223.59264218112966, 141.9230375234455, -964.2946550627458)
(-255.75545274808727, 45.64184712822516, -965.6634870286567)
(146.7616103575231, -193.68410560449334, -970.0244826608523)
(24.807527714021028, 243.07907840974855, -969.689201862218)
(-173.57334462887036, -157.47912163255504, -972.1484558873642)
(226.40414402040918, -2.5819558037404233, -974.0300288361817)
(-159.29081332535134, 143.10532480053928, -976.8046390163594)
(22.185910966054923, -205.4217112211523, -978.4220489714957)
(113.25156220610693, 152.8029601548309, -981.746066468207)
(-184.90847864904617, -28.695570905508507, -982.3367135224572)
(142.86070485216612, -88.65812900045681, -985.763944954004)
(-44.325653916021146, 158.76432464929363, -986.3210053646687)
(-64.90054665442588, -135.49908526414083, -988.6495420200921)
(126.44999082682024, 48.5358449089641, -990.7848765392364)
(-111.47698278706123, 46.01203690979109, -992.701251519361)
(39.76476691820396, -94.33928165925045, -994.7456274083127)
(23.023662792233896, 76.79035948396356, -996.7813961154939)
(-36.15148066880642, -24.114448587198435, -999.0553357120856)
